{"timestamp_ns": 1739402159030000000, "pose": [[0.9999744892120361, -0.007140487432479858, 0.00018791799084283412, -0.007434261962771416], [0.007141784764826298, 0.9999411106109619, -0.008170933462679386, 0.0003112642152700573], [-0.00012956246791873127, 0.008172066882252693, 0.9999666213989258, -0.001972061349079013], [0.0, 0.0, 0.0, 1.0]], "received_timestamp_ns": 1739402159218002176}
{"timestamp_ns": 1739402159061000000, "pose": [[0.9999764561653137, -0.0066504026763141155, -0.0016899167094379663, -0.0074218339286744595], [0.0066362530924379826, 0.9999439716339111, -0.008244835771620274, 0.00026584597071632743], [0.0017446535639464855, 0.008233427070081234, 0.9999645948410034, -0.0018801391124725342], [0.0, 0.0, 0.0, 1.0]], "received_timestamp_ns": 1739402159244548608}
{"timestamp_ns": 1739402159098000000, "pose": [[0.9999671578407288, -0.005892873276025057, -0.00556424492970109, -0.007131668273359537], [0.005846764892339706, 0.9999487400054932, -0.008266760036349297, 0.00019163420074619353], [0.005612674634903669, 0.008233955129981041, 0.9999503493309021, -0.0014267326332628727], [0.0, 0.0, 0.0, 1.0]], "received_timestamp_ns": 1739402159266583552}
{"timestamp_ns": 1739402159128000000, "pose": [[0.9999307990074158, -0.00561973312869668, -0.010337822139263153, -0.007196981459856033], [0.0055174813605844975, 0.9999358654022217, -0.0098930848762393, 0.00014486514555756003], [0.010392755270004272, 0.009835361503064632, 0.9998975992202759, -0.0009835942182689905], [0.0, 0.0, 0.0, 1.0]], "received_timestamp_ns": 1739402159287476736}
{"timestamp_ns": 1739402159163000000, "pose": [[0.9998549818992615, -0.00814796146005392, -0.014953669160604477, -0.0072613675147295], [0.007948696613311768, 0.9998794794082642, -0.013336875475943089, -3.806675522355363e-05], [0.01506053563207388, 0.013216079212725163, 0.9997992515563965, -9.474899707129225e-05], [0.0, 0.0, 0.0, 1.0]], "received_timestamp_ns": 1739402159321961216}
{"timestamp_ns": 1739402159201000000, "pose": [[0.9997411370277405, -0.010501722805202007, -0.020182697102427483, -0.007264337502419949], [0.010137536562979221, 0.9997854828834534, -0.018062876537442207, -0.00012248016719240695], [0.0203680582344532, 0.017853597179055214, 0.9996331334114075, 0.00020099100947845727], [0.0, 0.0, 0.0, 1.0]], "received_timestamp_ns": 1739402159331529472}
{"timestamp_ns": 1739402159228000000, "pose": [[0.999579906463623, -0.014611813239753246, -0.02502933144569397, -0.0072409892454743385], [0.014095988124608994, 0.999687135219574, -0.020662782713770866, 1.4252342225518078e-05], [0.025323420763015747, 0.02030128985643387, 0.9994731545448303, -0.00042205004137940705], [0.0, 0.0, 0.0, 1.0]], "received_timestamp_ns": 1739402159365915648}
{"timestamp_ns": 1739402159267000000, "pose": [[0.9993152618408203, -0.019460529088974, -0.03146882355213165, -0.007526589557528496], [0.018765900284051895, 0.999576985836029, -0.022220224142074585, -0.00022800055739935488], [0.031887929886579514, 0.021614469587802887, 0.9992576837539673, 0.0009832009673118591], [0.0, 0.0, 0.0, 1.0]], "received_timestamp_ns": 1739402159375016960}
{"timestamp_ns": 1739402159303000000, "pose": [[0.9990442991256714, -0.022396380081772804, -0.0375344417989254, -0.007498337421566248], [0.021382911130785942, 0.9994016289710999, -0.027188418433070183, -0.00026345846708863974], [0.038120903074741364, 0.026359839364886284, 0.9989253878593445, 0.001122505054809153], [0.0, 0.0, 0.0, 1.0]], "received_timestamp_ns": 1739402159398218752}
{"timestamp_ns": 1739402159334000000, "pose": [[0.9988230466842651, -0.025021370500326157, -0.041551265865564346, -0.007210522890090942], [0.02381366491317749, 0.9992866516113281, -0.029310422018170357, 2.192772808484733e-05], [0.042255010455846786, 0.028286434710025787, 0.9987063407897949, -0.0005892508197575808], [0.0, 0.0, 0.0, 1.0]], "received_timestamp_ns": 1739402159426589696}
{"timestamp_ns": 1739402159368000000, "pose": [[0.9986097812652588, -0.027052562683820724, -0.04523943364620209, -0.007162182591855526], [0.025934169068932533, 0.9993477463722229, -0.025128597393631935, 0.0001245242019649595], [0.0458897203207016, 0.023920416831970215, 0.9986600875854492, -0.001184175256639719], [0.0, 0.0, 0.0, 1.0]], "received_timestamp_ns": 1739402159442195968}
{"timestamp_ns": 1739402159401000000, "pose": [[0.9983004331588745, -0.03069407306611538, -0.049539536237716675, -0.007056300528347492], [0.029673904180526733, 0.9993348121643066, -0.021198932081460953, 0.0002807871496770531], [0.05015726387500763, 0.01969287171959877, 0.9985471367835999, -0.0021239742636680603], [0.0, 0.0, 0.0, 1.0]], "received_timestamp_ns": 1739402159465164800}
{"timestamp_ns": 1739402159433000000, "pose": [[0.9976943731307983, -0.03772147744894028, -0.056418806314468384, -0.0068285586312413216], [0.03696925938129425, 0.9992138147354126, -0.014317936263978481, 0.0006032743258401752], [0.056914545595645905, 0.012199162505567074, 0.998304545879364, -0.004028696101158857], [0.0, 0.0, 0.0, 1.0]], "received_timestamp_ns": 1739402159497129984}
{"timestamp_ns": 1739402159469000000, "pose": [[0.9968602657318115, -0.0438530333340168, -0.06592851132154465, -0.00673915259540081], [0.043387264013290405, 0.9990223050117493, -0.008480704389512539, 0.000742023519705981], [0.06623595952987671, 0.005593619309365749, 0.9977883100509644, -0.004544371273368597], [0.0, 0.0, 0.0, 1.0]], "received_timestamp_ns": 1739402159533756416}
{"timestamp_ns": 1739402159512000000, "pose": [[0.9968852400779724, -0.04678425192832947, -0.06349062919616699, -0.01618475280702114], [0.046577006578445435, 0.9989034533500671, -0.004741187673062086, 0.001715125166811049], [0.06364282220602036, 0.0017692168476060033, 0.9979711771011353, -0.010314972139894962], [0.0, 0.0, 0.0, 1.0]], "received_timestamp_ns": 1739402159586148352}
{"timestamp_ns": 1739402159534000000, "pose": [[0.9969177842140198, -0.044803787022829056, -0.06440123915672302, -0.015509139746427536], [0.04505274444818497, 0.9989816546440125, 0.00241800001822412, 0.002424950711429119], [0.06422732025384903, -0.005311999935656786, 0.9979211688041687, -0.014652788639068604], [0.0, 0.0, 0.0, 1.0]], "received_timestamp_ns": 1739402159597364736}
{"timestamp_ns": 1739402159559000000, "pose": [[0.9974073767662048, -0.03926089406013489, -0.060307953506708145, -0.01531567145138979], [0.04002785682678223, 0.9991316795349121, 0.011561931110918522, 0.002915489487349987], [0.059801653027534485, -0.01394595392048359, 0.9981128573417664, -0.016921143978834152], [0.0, 0.0, 0.0, 1.0]], "received_timestamp_ns": 1739402159621071872}
{"timestamp_ns": 1739402159610000000, "pose": [[0.998206377029419, -0.03432893007993698, -0.04904590919613838, -0.019139569252729416], [0.035036344081163406, 0.9992929697036743, 0.013637099415063858, 0.0030975742265582085], [0.048543088138103485, -0.015331029891967773, 0.9987034201622009, -0.01804269850254059], [0.0, 0.0, 0.0, 1.0]], "received_timestamp_ns": 1739402159685175040}
{"timestamp_ns": 1739402159631000000, "pose": [[0.9987124800682068, -0.029100678861141205, -0.04155157878994942, -0.019151292741298676], [0.029632581397891045, 0.9994858503341675, 0.012242925353348255, 0.0029390521813184023], [0.041173938661813736, -0.013458442874252796, 0.9990613460540771, -0.017679063603281975], [0.0, 0.0, 0.0, 1.0]], "received_timestamp_ns": 1739402159698094080}
{"timestamp_ns": 1739402159670000000, "pose": [[0.9990143775939941, -0.023926107212901115, -0.037387438118457794, -0.01916603557765484], [0.024104442447423935, 0.9997000694274902, 0.004326401744037867, 0.002784587675705552], [0.03727271035313606, -0.005223340820521116, 0.9992914795875549, -0.01680649444460869], [0.0, 0.0, 0.0, 1.0]], "received_timestamp_ns": 1739402159734656512}
{"timestamp_ns": 1739402159698000000, "pose": [[0.9991135597229004, -0.02253773808479309, -0.03555414453148842, -0.019167175516486168], [0.022184954956173897, 0.9997009634971619, -0.010285986587405205, 0.002759750932455063], [0.03577533736824989, 0.009488102048635483, 0.9993148446083069, -0.016801027581095695], [0.0, 0.0, 0.0, 1.0]], "received_timestamp_ns": 1739402159762741504}
{"timestamp_ns": 1739402159727000000, "pose": [[0.9991565942764282, -0.020947542041540146, -0.03531734272837639, -0.01917272061109543], [0.020004425197839737, 0.9994392991065979, -0.026849262416362762, 0.002760631497949362], [0.03585996851325035, 0.02612011320888996, 0.9990153908729553, -0.016738487407565117], [0.0, 0.0, 0.0, 1.0]], "received_timestamp_ns": 1739402159790795520}
{"timestamp_ns": 1739402159767000000, "pose": [[0.9991926550865173, -0.020411863923072815, -0.034603312611579895, -0.019076252356171608], [0.018873117864131927, 0.998843252658844, -0.04422617331147194, 0.0028213122859597206], [0.0354660227894783, 0.04353739693760872, 0.9984220862388611, -0.017272142693400383], [0.0, 0.0, 0.0, 1.0]], "received_timestamp_ns": 1739402159832605184}
{"timestamp_ns": 1739402159801000000, "pose": [[0.9993913173675537, -0.017674043774604797, -0.03007740154862404, -0.023049259558320045], [0.015944963321089745, 0.9982589483261108, -0.056787263602018356, 0.003637679386883974], [0.03102869726717472, 0.05627311393618584, 0.9979331493377686, -0.022538496181368828], [0.0, 0.0, 0.0, 1.0]], "received_timestamp_ns": 1739402159874420992}
{"timestamp_ns": 1739402159841000000, "pose": [[0.9993652701377869, -0.015478485263884068, -0.03208627924323082, -0.02306739240884781], [0.013314111158251762, 0.9976906180381775, -0.06660416722297668, 0.0036361059173941612], [0.033043112605810165, 0.06613469123840332, 0.9972634315490723, -0.022020185366272926], [0.0, 0.0, 0.0, 1.0]], "received_timestamp_ns": 1739402159902876672}
{"timestamp_ns": 1739402159876000000, "pose": [[0.9994640350341797, -0.014393618330359459, -0.029401008039712906, -0.027356447651982307], [0.012046689167618752, 0.9968414902687073, -0.07849810272455215, 0.005281495861709118], [0.0304380152374506, 0.07810185104608536, 0.9964806437492371, -0.028009142726659775], [0.0, 0.0, 0.0, 1.0]], "received_timestamp_ns": 1739402159935966720}
{"timestamp_ns": 1739402159906000000, "pose": [[0.9994152784347534, -0.013586203567683697, -0.0313761942088604, -0.027268415316939354], [0.010864976793527603, 0.9962937831878662, -0.0853266716003418, 0.0051308004185557365], [0.032419174909591675, 0.08493588119745255, 0.9958588480949402, -0.029142357409000397], [0.0, 0.0, 0.0, 1.0]], "received_timestamp_ns": 1739402159969320704}
{"timestamp_ns": 1739402159951000000, "pose": [[0.9993260502815247, -0.014850961044430733, -0.033570095896720886, -0.029238376766443253], [0.011665098369121552, 0.9955808520317078, -0.09318102151155472, 0.005497739650309086], [0.034805573523044586, 0.09272661805152893, 0.9950830936431885, -0.030749689787626266], [0.0, 0.0, 0.0, 1.0]], "received_timestamp_ns": 1739402160021270016}
{"timestamp_ns": 1739402159968000000, "pose": [[0.9990001916885376, -0.016323888674378395, -0.041618961840867996, -0.029088085517287254], [0.012102523818612099, 0.9949404001235962, -0.09973516315221786, 0.005467347335070372], [0.04303644970059395, 0.0991317555308342, 0.9941432476043701, -0.03186998516321182], [0.0, 0.0, 0.0, 1.0]], "received_timestamp_ns": 1739402160027641344}
{"timestamp_ns": 1739402160000000000, "pose": [[0.9985976219177246, -0.019539915025234222, -0.049203719943761826, -0.029333245009183884], [0.01410679705440998, 0.9940027594566345, -0.1084413155913353, 0.005630469415336847], [0.0510275661945343, 0.10759513080120087, 0.9928843975067139, -0.033518966287374496], [0.0, 0.0, 0.0, 1.0]], "received_timestamp_ns": 1739402160057751296}
{"timestamp_ns": 1739402160036000000, "pose": [[0.9980709552764893, -0.023886239156126976, -0.05730472505092621, -0.028783950954675674], [0.016948355361819267, 0.992793083190918, -0.11863649636507034, 0.006316421553492546], [0.05972551554441452, 0.11743641644716263, 0.9912827610969543, -0.035128019750118256], [0.0, 0.0, 0.0, 1.0]], "received_timestamp_ns": 1739402160096650240}
{"timestamp_ns": 1739402160069000000, "pose": [[0.9975903034210205, -0.025164833292365074, -0.06465538591146469, -0.02775023691356182], [0.016797790303826332, 0.9917812943458557, -0.12683707475662231, 0.008226670324802399], [0.06731583178043365, 0.12544536590576172, 0.9898141622543335, -0.038855161517858505], [0.0, 0.0, 0.0, 1.0]], "received_timestamp_ns": 1739402160129367296}
{"timestamp_ns": 1739402160109000000, "pose": [[0.9975082874298096, -0.02813010849058628, -0.06469837576150894, -0.03139965236186981], [0.019564904272556305, 0.991399347782135, -0.12940073013305664, 0.008284343406558037], [0.06778198480606079, 0.1278124898672104, 0.9894794225692749, -0.04153989627957344], [0.0, 0.0, 0.0, 1.0]], "received_timestamp_ns": 1739402160183003648}
{"timestamp_ns": 1739402160127000000, "pose": [[0.9972996711730957, -0.03161201626062393, -0.06628739833831787, -0.03102290630340576], [0.022414200007915497, 0.9905685782432556, -0.13517193496227264, 0.008483940735459328], [0.06993526965379715, 0.133321151137352, 0.9886022806167603, -0.04346606507897377], [0.0, 0.0, 0.0, 1.0]], "received_timestamp_ns": 1739402160191127808}
{"timestamp_ns": 1739402160174000000, "pose": [[0.9973998665809631, -0.031938567757606506, -0.0646020919084549, -0.03177157789468765], [0.022557253018021584, 0.9897447824478149, -0.14105470478534698, 0.009077603928744793], [0.06844466924667358, 0.13923069834709167, 0.9878917932510376, -0.046918295323848724], [0.0, 0.0, 0.0, 1.0]], "received_timestamp_ns": 1739402160234521600}
{"timestamp_ns": 1739402160201000000, "pose": [[0.9974227547645569, -0.03322656825184822, -0.06359166651964188, -0.03139842674136162], [0.02377810701727867, 0.9892988801002502, -0.14395254850387573, 0.009095605462789536], [0.06769420951604843, 0.14206945896148682, 0.9875392317771912, -0.049065787345170975], [0.0, 0.0, 0.0, 1.0]], "received_timestamp_ns": 1739402160261128448}
{"timestamp_ns": 1739402160230000000, "pose": [[0.9971566200256348, -0.03828921541571617, -0.06490493565797806, -0.03062816895544529], [0.02830033376812935, 0.9885266423225403, -0.14837154746055603, 0.00922329444438219], [0.06984128803014755, 0.1461128294467926, 0.9867994785308838, -0.05037153512239456], [0.0, 0.0, 0.0, 1.0]], "received_timestamp_ns": 1739402160297628160}
{"timestamp_ns": 1739402160269000000, "pose": [[0.9969751238822937, -0.03939638286828995, -0.06699606031179428, -0.030476365238428116], [0.028758343309164047, 0.9878197312355042, -0.15292198956012726, 0.009323670528829098], [0.0722046047449112, 0.15053273737430573, 0.9859647154808044, -0.05246049165725708], [0.0, 0.0, 0.0, 1.0]], "received_timestamp_ns": 1739402160342528000}
{"timestamp_ns": 1739402160304000000, "pose": [[0.9967943429946899, -0.04169503226876259, -0.06828294694423676, -0.03161906078457832], [0.030622337013483047, 0.9873065948486328, -0.1558457762002945, 0.009951016865670681], [0.07391420006752014, 0.15325520932674408, 0.985418438911438, -0.05440187081694603], [0.0, 0.0, 0.0, 1.0]], "received_timestamp_ns": 1739402160365175552}
{"timestamp_ns": 1739402160334000000, "pose": [[0.9967144727706909, -0.04271987825632095, -0.0688130185008049, -0.031729064881801605], [0.03154010698199272, 0.9872449636459351, -0.1560533493757248, 0.009833743795752525], [0.07460188865661621, 0.15337026119232178, 0.9853487610816956, -0.056938983500003815], [0.0, 0.0, 0.0, 1.0]], "received_timestamp_ns": 1739402160398916096}
{"timestamp_ns": 1739402160372000000, "pose": [[0.9966949820518494, -0.04212566465139389, -0.06945879757404327, -0.03030703403055668], [0.031018327921628952, 0.987604022026062, -0.1538705825805664, 0.009666391648352146], [0.07507968693971634, 0.15120753645896912, 0.985646665096283, -0.05755447596311569], [0.0, 0.0, 0.0, 1.0]], "received_timestamp_ns": 1739402160436771072}
{"timestamp_ns": 1739402160405000000, "pose": [[0.996797502040863, -0.04123814031481743, -0.06851422041654587, -0.030519772320985794], [0.030394339933991432, 0.9878543019294739, -0.15238113701343536, 0.009509296156466007], [0.07396598160266876, 0.14981068670749664, 0.9859440922737122, -0.05754370614886284], [0.0, 0.0, 0.0, 1.0]], "received_timestamp_ns": 1739402160464470272}
{"timestamp_ns": 1739402160426000000, "pose": [[0.9969430565834045, -0.040974218398332596, -0.06652598828077316, -0.03226657211780548], [0.030722519382834435, 0.988450288772583, -0.14839878678321838, 0.009466147981584072], [0.07183815538883209, 0.14590129256248474, 0.986687421798706, -0.0610259585082531], [0.0, 0.0, 0.0, 1.0]], "received_timestamp_ns": 1739402160485402624}
{"timestamp_ns": 1739402160465000000, "pose": [[0.9970013499259949, -0.03925414755940437, -0.06668929010629654, -0.031083406880497932], [0.029394105076789856, 0.9893039464950562, -0.14287635684013367, 0.007485255599021912], [0.07158447057008743, 0.1404876410961151, 0.9874911904335022, -0.06108876317739487], [0.0, 0.0, 0.0, 1.0]], "received_timestamp_ns": 1739402160525318144}
{"timestamp_ns": 1739402160506000000, "pose": [[0.9972804188728333, -0.03635939210653305, -0.06410771608352661, -0.03152305260300636], [0.027373045682907104, 0.9903493523597717, -0.1358634978532791, 0.006066756322979927], [0.06842894852161407, 0.1337391883134842, 0.9886512756347656, -0.061517175287008286], [0.0, 0.0, 0.0, 1.0]], "received_timestamp_ns": 1739402160567228416}
{"timestamp_ns": 1739402160526000000, "pose": [[0.9974734783172607, -0.035887692123651505, -0.061308424919843674, -0.03186168149113655], [0.02735665813088417, 0.9905060529708862, -0.13471944630146027, 0.005682921502739191], [0.06556113809347153, 0.13270187377929688, 0.9889853000640869, -0.06081070005893707], [0.0, 0.0, 0.0, 1.0]], "received_timestamp_ns": 1739402160587436544}
{"timestamp_ns": 1739402160570000000, "pose": [[0.9974892139434814, -0.03672390803694725, -0.06055257096886635, -0.03240251913666725], [0.028147367760539055, 0.9901909828186035, -0.1368560791015625, 0.0063953520730137825], [0.06498450040817261, 0.13480807840824127, 0.988738477230072, -0.061471808701753616], [0.0, 0.0, 0.0, 1.0]], "received_timestamp_ns": 1739402160631174144}
{"timestamp_ns": 1739402160610000000, "pose": [[0.9972769021987915, -0.03874083608388901, -0.06275291740894318, -0.03269952908158302], [0.029596390202641487, 0.9896240234375, -0.1406000703573227, 0.006527098827064037], [0.06754875928163528, 0.138359934091568, 0.9880757331848145, -0.063050776720047], [0.0, 0.0, 0.0, 1.0]], "received_timestamp_ns": 1739402160680457728}
{"timestamp_ns": 1739402160625000000, "pose": [[0.9975981712341309, -0.034952983260154724, -0.05980130285024643, -0.03602313995361328], [0.026236601173877716, 0.9896925091743469, -0.14078491926193237, 0.006672257091850042], [0.06410575658082962, 0.13887779414653778, 0.9882324934005737, -0.06430687010288239], [0.0, 0.0, 0.0, 1.0]], "received_timestamp_ns": 1739402160690897664}
{"timestamp_ns": 1739402160669000000, "pose": [[0.9978602528572083, -0.030861496925354004, -0.057640984654426575, -0.036547861993312836], [0.022629685699939728, 0.99012291431427, -0.1383635550737381, 0.0071311029605567455], [0.06134176626801491, 0.1367630809545517, 0.9887027144432068, -0.06449431926012039], [0.0, 0.0, 0.0, 1.0]], "received_timestamp_ns": 1739402160728149248}
{"timestamp_ns": 1739402160702000000, "pose": [[0.9979562163352966, -0.03036525286734104, -0.05622619017958641, -0.03780222684144974], [0.02242538332939148, 0.9903430342674255, -0.13681288063526154, 0.007253940217196941], [0.05983757600188255, 0.13527236878871918, 0.9889999032020569, -0.06465702503919601], [0.0, 0.0, 0.0, 1.0]], "received_timestamp_ns": 1739402160766197248}
{"timestamp_ns": 1739402160736000000, "pose": [[0.9979941248893738, -0.028923694044351578, -0.05631309375166893, -0.037882983684539795], [0.02104407735168934, 0.990512490272522, -0.13580173254013062, 0.007490774616599083], [0.05970671400427818, 0.13434427976608276, 0.9891343116760254, -0.06440749019384384], [0.0, 0.0, 0.0, 1.0]], "received_timestamp_ns": 1739402160801282048}
{"timestamp_ns": 1739402160761000000, "pose": [[0.9985175728797913, -0.027188578620553017, -0.047153398394584656, -0.04563445225358009], [0.020634328946471214, 0.9907258749008179, -0.13429975509643555, 0.008247732184827328], [0.05036751553416252, 0.13312768936157227, 0.9898182153701782, -0.06572223454713821], [0.0, 0.0, 0.0, 1.0]], "received_timestamp_ns": 1739402160821414912}
{"timestamp_ns": 1739402160810000000, "pose": [[0.9986137747764587, -0.026043858379125595, -0.045741356909275055, -0.045007552951574326], [0.01981981471180916, 0.9911039471626282, -0.13160592317581177, 0.006657824851572514], [0.048761963844299316, 0.1305168867111206, 0.9902462363243103, -0.0649002194404602], [0.0, 0.0, 0.0, 1.0]], "received_timestamp_ns": 1739402160882786048}
{"timestamp_ns": 1739402160829000000, "pose": [[0.998713493347168, -0.02578147128224373, -0.043665580451488495, -0.04532400891184807], [0.019827552139759064, 0.991094172000885, -0.13167858123779297, 0.006053999066352844], [0.04667156934738159, 0.13064339756965637, 0.9903302788734436, -0.06530831754207611], [0.0, 0.0, 0.0, 1.0]], "received_timestamp_ns": 1739402160888883200}
{"timestamp_ns": 1739402160875000000, "pose": [[0.9988830089569092, -0.02531212382018566, -0.03990062698721886, -0.047063086181879044], [0.019787954166531563, 0.9908886551856995, -0.13322211802005768, 0.007832600735127926], [0.04290921241044998, 0.1322837620973587, 0.9902827143669128, -0.06591586023569107], [0.0, 0.0, 0.0, 1.0]], "received_timestamp_ns": 1739402160936313344}
{"timestamp_ns": 1739402160897000000, "pose": [[0.999042809009552, -0.022828254848718643, -0.03731459006667137, -0.04774625599384308], [0.017736325040459633, 0.9911568760871887, -0.13150446116924286, 0.004636555910110474], [0.03998662903904915, 0.13071675598621368, 0.9906130433082581, -0.06578876078128815], [0.0, 0.0, 0.0, 1.0]], "received_timestamp_ns": 1739402160960293888}
{"timestamp_ns": 1739402160935000000, "pose": [[0.9988574981689453, -0.024144886061549187, -0.04124002903699875, -0.04101584479212761], [0.018473254516720772, 0.9909765720367432, -0.13275617361068726, 0.003222469938918948], [0.044073283672332764, 0.13184265792369843, 0.9902904033660889, -0.06598716974258423], [0.0, 0.0, 0.0, 1.0]], "received_timestamp_ns": 1739402160997219328}
{"timestamp_ns": 1739402160967000000, "pose": [[0.9988797307014465, -0.025226950645446777, -0.04003585875034332, -0.04124679043889046], [0.01957140490412712, 0.9905365705490112, -0.13584664463996887, 0.0031723263673484325], [0.043083976954221725, 0.13491089642047882, 0.9899206161499023, -0.0667123794555664], [0.0, 0.0, 0.0, 1.0]], "received_timestamp_ns": 1739402161031463680}
{"timestamp_ns": 1739402161005000000, "pose": [[0.9988799095153809, -0.027981631457805634, -0.03815659135580063, -0.04401959106326103], [0.022289393469691277, 0.9895870685577393, -0.14219912886619568, 0.005279696546494961], [0.04173823446035385, 0.1411893665790558, 0.9891023635864258, -0.06721463799476624], [0.0, 0.0, 0.0, 1.0]], "received_timestamp_ns": 1739402161064293120}
{"timestamp_ns": 1739402161038000000, "pose": [[0.9987177848815918, -0.03165249153971672, -0.03950762003660202, -0.04269286245107651], [0.025621512904763222, 0.9891323447227478, -0.14477819204330444, 0.0031286159064620733], [0.04366085305809975, 0.14358031749725342, 0.988675057888031, -0.06875883787870407], [0.0, 0.0, 0.0, 1.0]], "received_timestamp_ns": 1739402161100955136}
{"timestamp_ns": 1739402161060000000, "pose": [[0.9985151886940002, -0.03427572920918465, -0.04233929142355919, -0.038260169327259064], [0.027835698798298836, 0.9891434907913208, -0.14429260790348053, 0.002838773187249899], [0.04682536795735359, 0.14289981126785278, 0.9886288642883301, -0.07112210243940353], [0.0, 0.0, 0.0, 1.0]], "received_timestamp_ns": 1739402161122123520}
{"timestamp_ns": 1739402161100000000, "pose": [[0.9987255930900574, -0.03339901566505432, -0.037838052958250046, -0.03971584513783455], [0.02789614349603653, 0.9900913834571838, -0.13762560486793518, -0.002519231755286455], [0.04205969348549843, 0.1363946795463562, 0.9897612929344177, -0.07585636526346207], [0.0, 0.0, 0.0, 1.0]], "received_timestamp_ns": 1739402161163776000}
{"timestamp_ns": 1739402161140000000, "pose": [[0.9990026950836182, -0.029492633417248726, -0.03352348506450653, -0.04006878659129143], [0.024856068193912506, 0.9910479784011841, -0.13117185235023499, -0.0029316360596567392], [0.03709198534488678, 0.13020777702331543, 0.9907926917076111, -0.07692855596542358], [0.0, 0.0, 0.0, 1.0]], "received_timestamp_ns": 1739402161202486528}
{"timestamp_ns": 1739402161167000000, "pose": [[0.9993611574172974, -0.029840141534805298, -0.01966961659491062, -0.0493142306804657], [0.027136532589793205, 0.9916932582855225, -0.12573044002056122, -0.0013694692170247436], [0.023258039727807045, 0.12511634826660156, 0.9918694496154785, -0.07942360639572144], [0.0, 0.0, 0.0, 1.0]], "received_timestamp_ns": 1739402161226611968}
{"timestamp_ns": 1739402161211000000, "pose": [[0.9993876814842224, -0.0317465141415596, -0.014710737392306328, -0.055089134722948074], [0.02951960824429989, 0.9907296299934387, -0.1326025128364563, 0.004290848970413208], [0.01878403127193451, 0.13208706676959991, 0.9910601377487183, -0.07708585262298584], [0.0, 0.0, 0.0, 1.0]], "received_timestamp_ns": 1739402161279827968}
{"timestamp_ns": 1739402161225000000, "pose": [[0.9991352558135986, -0.03339739143848419, -0.024766216054558754, -0.04951189458370209], [0.029696445912122726, 0.990107536315918, -0.13713212311267853, -0.000871966709382832], [0.029101071879267693, 0.13627806305885315, 0.990243136882782, -0.07768158614635468], [0.0, 0.0, 0.0, 1.0]], "received_timestamp_ns": 1739402161293562624}
{"timestamp_ns": 1739402161262000000, "pose": [[0.9990584254264832, -0.031364332884550095, -0.02997608482837677, -0.04949318617582321], [0.026875264942646027, 0.9897974133491516, -0.1399240642786026, -0.0007145680137909949], [0.03405887633562088, 0.1389867067337036, 0.9897083640098572, -0.07850851118564606], [0.0, 0.0, 0.0, 1.0]], "received_timestamp_ns": 1739402161321964544}
{"timestamp_ns": 1739402161309000000, "pose": [[0.9994916915893555, -0.026077980175614357, -0.018338732421398163, -0.06367422640323639], [0.02327505685389042, 0.9899844527244568, -0.13924460113048553, 0.00015991899999789894], [0.0217862781137228, 0.138746976852417, 0.9900882244110107, -0.07871297001838684], [0.0, 0.0, 0.0, 1.0]], "received_timestamp_ns": 1739402161367023104}
{"timestamp_ns": 1739402161332000000, "pose": [[0.9995077252388, -0.02674097940325737, -0.01640755869448185, -0.06441520154476166], [0.02423974871635437, 0.9902382493019104, -0.13726133108139038, 0.0005002503166906536], [0.019917894154787064, 0.1367960423231125, 0.9903989434242249, -0.07576512545347214], [0.0, 0.0, 0.0, 1.0]], "received_timestamp_ns": 1739402161395740672}
{"timestamp_ns": 1739402161373000000, "pose": [[0.9992493987083435, -0.028295911848545074, -0.02645712159574032, -0.053609687834978104], [0.024378787726163864, 0.9901086688041687, -0.13816842436790466, -8.439764496870339e-05], [0.030105026438832283, 0.1374197155237198, 0.9900553226470947, -0.07351721078157425], [0.0, 0.0, 0.0, 1.0]], "received_timestamp_ns": 1739402161433073408}
{"timestamp_ns": 1739402161407000000, "pose": [[0.9992631077766418, -0.02826438844203949, -0.025968795642256737, -0.053049471229314804], [0.024547528475522995, 0.9907152056694031, -0.13371893763542175, -0.0019168676808476448], [0.029507165774703026, 0.13298292458057404, 0.9906789660453796, -0.07519551366567612], [0.0, 0.0, 0.0, 1.0]], "received_timestamp_ns": 1739402161467884800}
{"timestamp_ns": 1739402161434000000, "pose": [[0.9994105100631714, -0.027120759710669518, -0.021050726994872093, -0.05585894361138344], [0.024042567238211632, 0.9905850887298584, -0.13477088510990143, 0.0004047167603857815], [0.02450762502849102, 0.134185329079628, 0.9906531572341919, -0.07478145509958267], [0.0, 0.0, 0.0, 1.0]], "received_timestamp_ns": 1739402161493944320}
{"timestamp_ns": 1739402161469000000, "pose": [[0.9994614720344543, -0.025732113048434258, -0.020362120121717453, -0.0551033690571785], [0.022849394008517265, 0.9911242723464966, -0.1309603899717331, -0.005229405127465725], [0.023551277816295624, 0.1304246038198471, 0.9911784529685974, -0.0749167650938034], [0.0, 0.0, 0.0, 1.0]], "received_timestamp_ns": 1739402161532366080}
{"timestamp_ns": 1739402161501000000, "pose": [[0.9994121193885803, -0.026430437341332436, -0.02183735929429531, -0.05363767221570015], [0.023203818127512932, 0.9903417825698853, -0.13669192790985107, -0.0034160474315285683], [0.025239277631044388, 0.13610485196113586, 0.990372896194458, -0.07529041171073914], [0.0, 0.0, 0.0, 1.0]], "received_timestamp_ns": 1739402161560858880}
{"timestamp_ns": 1739402161529000000, "pose": [[0.9995001554489136, -0.027131617069244385, -0.016225585713982582, -0.060065858066082], [0.024607142433524132, 0.9899182319641113, -0.1394859403371811, -0.0057358937337994576], [0.019846484065055847, 0.13901695609092712, 0.99009108543396, -0.07656576484441757], [0.0, 0.0, 0.0, 1.0]], "received_timestamp_ns": 1739402161589601792}
{"timestamp_ns": 1739402161564000000, "pose": [[0.9996743202209473, -0.025363240391016006, 0.0028291346970945597, -0.08261773735284805], [0.025513531640172005, 0.9906417727470398, -0.1340816468000412, -0.015123757533729076], [0.0005980855203233659, 0.13411015272140503, 0.990966260433197, -0.07941363006830215], [0.0, 0.0, 0.0, 1.0]], "received_timestamp_ns": 1739402161624707328}
{"timestamp_ns": 1739402161606000000, "pose": [[0.9996422529220581, -0.026614679023623466, -0.0026473840698599815, -0.07892410457134247], [0.02602497860789299, 0.9907447099685669, -0.13322004675865173, -0.018534822389483452], [0.0061684902757406235, 0.13310348987579346, 0.9910829663276672, -0.07997534424066544], [0.0, 0.0, 0.0, 1.0]], "received_timestamp_ns": 1739402161681837824}
{"timestamp_ns": 1739402161627000000, "pose": [[0.9996795058250427, -0.02526967041194439, 0.0015276308404281735, -0.08625854551792145], [0.025249838829040527, 0.9909044504165649, -0.1321772187948227, -0.02081647701561451], [0.0018263388192281127, 0.13217343389987946, 0.9912249445915222, -0.08057454228401184], [0.0, 0.0, 0.0, 1.0]], "received_timestamp_ns": 1739402161691528704}
{"timestamp_ns": 1739402161663000000, "pose": [[0.9996606111526489, -0.02600851282477379, -0.0014931958867236972, -0.08504386246204376], [0.025574663653969765, 0.9906703233718872, -0.13385912775993347, -0.020439377054572105], [0.0049607413820922375, 0.1337755024433136, 0.9909992218017578, -0.08078233897686005], [0.0, 0.0, 0.0, 1.0]], "received_timestamp_ns": 1739402161724829696}
{"timestamp_ns": 1739402161699000000, "pose": [[0.9994305968284607, -0.028485100716352463, -0.018084939569234848, -0.06847404688596725], [0.025692349299788475, 0.9899109601974487, -0.13934214413166046, -0.01388564333319664], [0.02187165431678295, 0.13879816234111786, 0.9900791645050049, -0.07957246154546738], [0.0, 0.0, 0.0, 1.0]], "received_timestamp_ns": 1739402161762634496}
{"timestamp_ns": 1739402161724000000, "pose": [[0.9994348287582397, -0.027706125751137733, -0.019036822021007538, -0.068044513463974], [0.024830607697367668, 0.990189254283905, -0.13750897347927094, -0.015367262065410614], [0.022659897804260254, 0.13695856928825378, 0.9903175830841064, -0.08031568676233292], [0.0, 0.0, 0.0, 1.0]], "received_timestamp_ns": 1739402161783089152}
{"timestamp_ns": 1739402161762000000, "pose": [[0.9988196492195129, -0.02944067493081093, -0.03863423317670822, -0.04697805643081665], [0.0236747357994318, 0.9895796179771423, -0.14202694594860077, -0.010076825506985188], [0.04241301864385605, 0.14094464480876923, 0.9891085624694824, -0.07874313741922379], [0.0, 0.0, 0.0, 1.0]], "received_timestamp_ns": 1739402161824743680}
{"timestamp_ns": 1739402161797000000, "pose": [[0.9986822605133057, -0.029110439121723175, -0.04226433113217354, -0.04297277331352234], [0.02291892282664776, 0.9898548126220703, -0.14022193849086761, -0.010623153299093246], [0.04591747000813484, 0.13906851410865784, 0.9892176389694214, -0.07941441982984543], [0.0, 0.0, 0.0, 1.0]], "received_timestamp_ns": 1739402161857891072}
{"timestamp_ns": 1739402161834000000, "pose": [[0.9989467859268188, -0.02841685339808464, -0.03602540120482445, -0.04961181432008743], [0.023301703855395317, 0.9905430674552917, -0.13520891964435577, -0.014141282066702843], [0.03952692076563835, 0.13422705233097076, 0.9901619553565979, -0.07983405143022537], [0.0, 0.0, 0.0, 1.0]], "received_timestamp_ns": 1739402161896868096}
{"timestamp_ns": 1739402161868000000, "pose": [[0.9990533590316772, -0.02805924229323864, -0.03324306011199951, -0.05242978781461716], [0.02332419343292713, 0.9905535578727722, -0.13512806594371796, -0.014039772562682629], [0.03672062233090401, 0.1342247724533081, 0.9902703166007996, -0.08014125376939774], [0.0, 0.0, 0.0, 1.0]], "received_timestamp_ns": 1739402161928582656}
{"timestamp_ns": 1739402161896000000, "pose": [[0.9990248084068298, -0.027224304154515266, -0.034760862588882446, -0.04993847757577896], [0.022370565682649612, 0.9908508658409119, -0.1330944150686264, -0.015108680352568626], [0.038066230714321136, 0.13218699395656586, 0.9904935956001282, -0.07960756868124008], [0.0, 0.0, 0.0, 1.0]], "received_timestamp_ns": 1739402161956109568}
{"timestamp_ns": 1739402161925000000, "pose": [[0.998887836933136, -0.028821611776947975, -0.03731512650847435, -0.045946381986141205], [0.02361449785530567, 0.9908140897750854, -0.13315312564373016, -0.013294948264956474], [0.04081004112958908, 0.13212385773658752, 0.9903927445411682, -0.08015317469835281], [0.0, 0.0, 0.0, 1.0]], "received_timestamp_ns": 1739402161985904896}
{"timestamp_ns": 1739402161964000000, "pose": [[0.999175488948822, -0.028075169771909714, -0.02932743728160858, -0.05487097054719925], [0.02398541010916233, 0.9910218119621277, -0.13153117895126343, -0.015467298217117786], [0.03275689110159874, 0.13071930408477783, 0.9908781051635742, -0.0802137553691864], [0.0, 0.0, 0.0, 1.0]], "received_timestamp_ns": 1739402162023926528}
{"timestamp_ns": 1739402162000000000, "pose": [[0.9990275502204895, -0.03130077198147774, -0.03105156123638153, -0.05308113247156143], [0.0268754530698061, 0.9906288981437683, -0.13391059637069702, -0.013485399074852467], [0.034952081739902496, 0.13294585049152374, 0.9905068278312683, -0.08065025508403778], [0.0, 0.0, 0.0, 1.0]], "received_timestamp_ns": 1739402162062686464}
{"timestamp_ns": 1739402162033000000, "pose": [[0.9987374544143677, -0.03266555070877075, -0.03816283866763115, -0.0454389862716198], [0.027315087616443634, 0.9907181262969971, -0.13315969705581665, -0.013012479059398174], [0.042158350348472595, 0.13194915652275085, 0.9903596043586731, -0.08092008531093597], [0.0, 0.0, 0.0, 1.0]], "received_timestamp_ns": 1739402162096295936}
{"timestamp_ns": 1739402162058000000, "pose": [[0.9988532066345215, -0.031484272330999374, -0.03607027977705002, -0.04557829722762108], [0.026697436347603798, 0.9916380643844604, -0.12625862658023834, -0.012958614155650139], [0.039743822067976, 0.12515084445476532, 0.9913413524627686, -0.08172467350959778], [0.0, 0.0, 0.0, 1.0]], "received_timestamp_ns": 1739402162117756928}
{"timestamp_ns": 1739402162105000000, "pose": [[0.9989922642707825, -0.03445347398519516, -0.028764937072992325, -0.05153248831629753], [0.030597638338804245, 0.9916674494743347, -0.12513795495033264, -0.014187726192176342], [0.032836686819791794, 0.1241317167878151, 0.9917222857475281, -0.07893388718366623], [0.0, 0.0, 0.0, 1.0]], "received_timestamp_ns": 1739402162166434816}
{"timestamp_ns": 1739402162126000000, "pose": [[0.9991647005081177, -0.03389470651745796, -0.022825317457318306, -0.06026696786284447], [0.030818866565823555, 0.9918338656425476, -0.12375707179307938, -0.026544908061623573], [0.026833631098270416, 0.1229502484202385, 0.9920499920845032, -0.08044451475143433], [0.0, 0.0, 0.0, 1.0]], "received_timestamp_ns": 1739402162186269184}
{"timestamp_ns": 1739402162169000000, "pose": [[0.9986416697502136, -0.03367014229297638, -0.03976351022720337, -0.04510295391082764], [0.027878280729055405, 0.990017831325531, -0.13815757632255554, -0.015051213093101978], [0.04401836916804314, 0.13686136901378632, 0.9896117448806763, -0.08190702646970749], [0.0, 0.0, 0.0, 1.0]], "received_timestamp_ns": 1739402162234972672}
{"timestamp_ns": 1739402162208000000, "pose": [[0.9987197518348694, -0.026651417836546898, -0.04299443960189819, -0.04153318330645561], [0.020459666848182678, 0.9901489019393921, -0.13851554691791534, -0.009053940884768963], [0.046262532472610474, 0.13745856285095215, 0.9894265532493591, -0.0828535184264183], [0.0, 0.0, 0.0, 1.0]], "received_timestamp_ns": 1739402162279170816}
{"timestamp_ns": 1739402162225000000, "pose": [[0.9990698099136353, -0.018885498866438866, -0.03876730799674988, -0.043309759348630905], [0.013836775906383991, 0.9918577075004578, -0.12659698724746704, -0.012632349506020546], [0.04084249958395958, 0.12594281136989594, 0.9911963939666748, -0.08307264000177383], [0.0, 0.0, 0.0, 1.0]], "received_timestamp_ns": 1739402162293213952}
{"timestamp_ns": 1739402162269000000, "pose": [[0.9990772604942322, -0.021179310977458954, -0.037363313138484955, -0.04338765889406204], [0.016361752524971962, 0.9920430183410645, -0.12483184039592743, -0.0030663616489619017], [0.03970986604690552, 0.12410532683134079, 0.9914741516113281, -0.08173571527004242], [0.0, 0.0, 0.0, 1.0]], "received_timestamp_ns": 1739402162331414016}
{"timestamp_ns": 1739402162297000000, "pose": [[0.9993185997009277, -0.021670548245310783, -0.029877837747335434, -0.05867160111665726], [0.01825638860464096, 0.9937471151351929, -0.11015172302722931, -0.008171716704964638], [0.03207806497812271, 0.10953120142221451, 0.9934656023979187, -0.08176302909851074], [0.0, 0.0, 0.0, 1.0]], "received_timestamp_ns": 1739402162360551424}
{"timestamp_ns": 1739402162328000000, "pose": [[0.9989913702011108, -0.022615931928157806, -0.038791827857494354, -0.05793929845094681], [0.018719181418418884, 0.9950075149536133, -0.09802895039319992, -0.01611590012907982], [0.04081517457962036, 0.09720392525196075, 0.9944272041320801, -0.07876351475715637], [0.0, 0.0, 0.0, 1.0]], "received_timestamp_ns": 1739402162395589376}
{"timestamp_ns": 1739402162364000000, "pose": [[0.9984155893325806, -0.021803084760904312, -0.05187423899769783, -0.05271532014012337], [0.016676265746355057, 0.9951164722442627, -0.09728848934173584, -0.014528307132422924], [0.053742099553346634, 0.09626927226781845, 0.993903398513794, -0.07717926800251007], [0.0, 0.0, 0.0, 1.0]], "received_timestamp_ns": 1739402162431619072}
{"timestamp_ns": 1739402162400000000, "pose": [[0.9980595707893372, -0.01807549223303795, -0.059585459530353546, -0.05461033433675766], [0.012010143138468266, 0.9948522448539734, -0.10062198340892792, -0.006335204932838678], [0.06109751760959625, 0.0997110977768898, 0.99313884973526, -0.07546443492174149], [0.0, 0.0, 0.0, 1.0]], "received_timestamp_ns": 1739402162464922880}
{"timestamp_ns": 1739402162442000000, "pose": [[0.9969632625579834, -0.015956709161400795, -0.0762207955121994, -0.046419233083724976], [0.008847388438880444, 0.9956533312797546, -0.09271523356437683, -0.0092031080275774], [0.07736892253160477, 0.0917593315243721, 0.9927710294723511, -0.07465975731611252], [0.0, 0.0, 0.0, 1.0]], "received_timestamp_ns": 1739402162513077504}
{"timestamp_ns": 1739402162459000000, "pose": [[0.9968127608299255, -0.011265525594353676, -0.0789775475859642, -0.053314823657274246], [0.004548375494778156, 0.9963943362236023, -0.08472064137458801, -0.0124617088586092], [0.07964719831943512, 0.08409139513969421, 0.9932698607444763, -0.07439062744379044], [0.0, 0.0, 0.0, 1.0]], "received_timestamp_ns": 1739402162525714176}
{"timestamp_ns": 1739402162503000000, "pose": [[0.9977271556854248, -0.005532608367502689, -0.06715590506792068, -0.07386061549186707], [0.0005138156702741981, 0.9972192645072937, -0.0745217576622963, -0.026142625138163567], [0.06738146394491196, 0.07431787252426147, 0.9949555993080139, -0.07583731412887573], [0.0, 0.0, 0.0, 1.0]], "received_timestamp_ns": 1739402162566370048}
