{"timestamp_ns": 1740627651765602816, "pose": [[0.9990376234054565, 0.03992757201194763, -0.018153872340917587, -0.15575017035007477], [-0.04011140391230583, 0.9991464018821716, -0.00987721886485815, 0.004155843053013086], [0.017744002863764763, 0.010595890693366528, 0.9997864365577698, -0.0030915415845811367], [0.0, 0.0, 0.0, 1.0]], "received_timestamp_ns": 1740627651847451648}
{"timestamp_ns": 1740627651799164928, "pose": [[0.9991846084594727, 0.03859000280499458, -0.011869131587445736, -0.17953211069107056], [-0.038752857595682144, 0.9991533756256104, -0.013811401091516018, 0.003388474928215146], [0.011326100677251816, 0.01426010299474001, 0.9998341798782349, -0.002649841131642461], [0.0, 0.0, 0.0, 1.0]], "received_timestamp_ns": 1740627651867073792}
{"timestamp_ns": 1740627651833130240, "pose": [[0.9995325207710266, 0.03046506829559803, -0.002576647326350212, -0.20083306729793549], [-0.030512478202581406, 0.9993143677711487, -0.02096996083855629, 0.006561280693858862], [0.0019360295264050364, 0.021038778126239777, 0.9997767806053162, -0.0021627803798764944], [0.0, 0.0, 0.0, 1.0]], "received_timestamp_ns": 1740627651904238336}
{"timestamp_ns": 1740627651869702656, "pose": [[0.9997211694717407, 0.021922215819358826, 0.00877651572227478, -0.22456379234790802], [-0.02166975475847721, 0.9993759393692017, -0.02789514884352684, 0.008863912895321846], [-0.009382561780512333, 0.027697186917066574, 0.9995723366737366, 0.0010119716171175241], [0.0, 0.0, 0.0, 1.0]], "received_timestamp_ns": 1740627651938579712}
{"timestamp_ns": 1740627651892472064, "pose": [[0.9995975494384766, 0.017584769055247307, 0.022259732708334923, -0.24889451265335083], [-0.016890471801161766, 0.9993765354156494, -0.031003545969724655, 0.01353343203663826], [-0.022791046649217606, 0.03061509132385254, 0.9992713928222656, -0.002629433758556843], [0.0, 0.0, 0.0, 1.0]], "received_timestamp_ns": 1740627651957964544}
{"timestamp_ns": 1740627651935381504, "pose": [[0.9993864893913269, 0.02052086777985096, 0.028381427749991417, -0.27471745014190674], [-0.01990796998143196, 0.9995660185813904, -0.021711604669690132, 0.0244720671325922], [-0.0288146510720253, 0.021133266389369965, 0.9993613362312317, -0.0024977957364171743], [0.0, 0.0, 0.0, 1.0]], "received_timestamp_ns": 1740627652011556096}
{"timestamp_ns": 1740627651962494720, "pose": [[0.9992022514343262, 0.027550725266337395, 0.02891049161553383, -0.3012741506099701], [-0.02703854627907276, 0.9994730353355408, -0.017959943041205406, 0.017805922776460648], [-0.029390064999461174, 0.017163917422294617, 0.9994206428527832, 0.0007091572042554617], [0.0, 0.0, 0.0, 1.0]], "received_timestamp_ns": 1740627652029506560}
{"timestamp_ns": 1740627651994076928, "pose": [[0.9989279508590698, 0.035498201847076416, 0.029713353142142296, -0.3252740204334259], [-0.03449312970042229, 0.9988372325897217, -0.03368097171187401, 0.020145144313573837], [-0.03087441623210907, 0.03261995688080788, 0.9989908337593079, 0.004322286695241928], [0.0, 0.0, 0.0, 1.0]], "received_timestamp_ns": 1740627652063534080}
{"timestamp_ns": 1740627652025285632, "pose": [[0.9987621307373047, 0.03924838453531265, 0.03055671602487564, -0.3485261797904968], [-0.03805265948176384, 0.9985231161117554, -0.038775909692049026, 0.021959815174341202], [-0.03203348070383072, 0.03756514564156532, 0.9987806081771851, 0.006389790214598179], [0.0, 0.0, 0.0, 1.0]], "received_timestamp_ns": 1740627652089845760}
{"timestamp_ns": 1740627652062749440, "pose": [[0.9985836744308472, 0.036298759281635284, 0.03889767825603485, -0.38703688979148865], [-0.03446200117468834, 0.9983052611351013, -0.04689348116517067, 0.01334198284894228], [-0.04053393006324768, 0.04548657312989235, 0.9981422424316406, -0.006232328712940216], [0.0, 0.0, 0.0, 1.0]], "received_timestamp_ns": 1740627652129462528}
{"timestamp_ns": 1740627652102282240, "pose": [[0.9987040162086487, 0.028779709711670876, 0.041976798325777054, -0.41745641827583313], [-0.02657834067940712, 0.998288631439209, -0.052089836448431015, 0.014112591743469238], [-0.04340409114956856, 0.05090665444731712, 0.9977598190307617, -0.007934754714369774], [0.0, 0.0, 0.0, 1.0]], "received_timestamp_ns": 1740627652181482240}
{"timestamp_ns": 1740627652133026816, "pose": [[0.9989385604858398, 0.01744808442890644, 0.04262952134013176, -0.44438618421554565], [-0.015104969032108784, 0.9983896017074585, -0.05468156933784485, 0.007748476695269346], [-0.04351495951414108, 0.05397960916161537, 0.9975934028625488, -0.006819151341915131], [0.0, 0.0, 0.0, 1.0]], "received_timestamp_ns": 1740627652213984512}
{"timestamp_ns": 1740627652172434432, "pose": [[0.999181866645813, 0.011121843941509724, 0.03888258337974548, -0.4704098403453827], [-0.008618042804300785, 0.9979140758514404, -0.06397856771945953, 0.006072741933166981], [-0.039513036608695984, 0.0635911300778389, 0.9971935153007507, -0.007604486308991909], [0.0, 0.0, 0.0, 1.0]], "received_timestamp_ns": 1740627652262872576}
{"timestamp_ns": 1740627652232667392, "pose": [[0.9996348023414612, 0.013476934283971786, 0.023421945050358772, -0.5231007933616638], [-0.011900465004146099, 0.9977360367774963, -0.0661902129650116, 0.011172777973115444], [-0.024260960519313812, 0.06588730961084366, 0.997532069683075, -0.006007444113492966], [0.0, 0.0, 0.0, 1.0]], "received_timestamp_ns": 1740627652300128000}
{"timestamp_ns": 1740627652269184000, "pose": [[0.9998111128807068, 0.01036661397665739, 0.016440924257040024, -0.5492826104164124], [-0.009260873310267925, 0.9977791905403137, -0.06596150994300842, 0.007848239503800869], [-0.017088208347558975, 0.06579679250717163, 0.9976866841316223, -0.002293758559972048], [0.0, 0.0, 0.0, 1.0]], "received_timestamp_ns": 1740627652335298304}
{"timestamp_ns": 1740627652328468480, "pose": [[0.9997903108596802, -0.017807168886065483, 0.010112142190337181, -0.5897802114486694], [0.0186566561460495, 0.995650589466095, -0.09127912670373917, 0.00333907688036561], [-0.00844273716211319, 0.09144864976406097, 0.9957740306854248, 0.006871676538139582], [0.0, 0.0, 0.0, 1.0]], "received_timestamp_ns": 1740627652395271936}
{"timestamp_ns": 1740627652369697792, "pose": [[0.9994905591011047, -0.031916290521621704, -0.00013339870201889426, -0.5546876192092896], [0.03174686059355736, 0.9945977330207825, -0.09883080422878265, 0.0050082821398973465], [0.0032869905699044466, 0.09877622127532959, 0.9951042532920837, 7.425621151924133e-05], [0.0, 0.0, 0.0, 1.0]], "received_timestamp_ns": 1740627652436122624}
{"timestamp_ns": 1740627652440366848, "pose": [[0.9995377659797668, -0.028251320123672485, -0.0112285315990448, -0.5940039753913879], [0.027248116210103035, 0.9963239431381226, -0.08121681958436966, 0.016582904383540154], [0.013481737114489079, 0.08087332546710968, 0.9966332316398621, 0.004488333594053984], [0.0, 0.0, 0.0, 1.0]], "received_timestamp_ns": 1740627652507242752}
{"timestamp_ns": 1740627652465519360, "pose": [[0.9996637105941772, -0.021557508036494255, -0.014413324184715748, -0.6094681620597839], [0.020371850579977036, 0.9967544078826904, -0.07788220047950745, 0.014034056104719639], [0.01604549027979374, 0.07756238430738449, 0.9968583583831787, 0.007888833992183208], [0.0, 0.0, 0.0, 1.0]], "received_timestamp_ns": 1740627652532473600}
{"timestamp_ns": 1740627652503341056, "pose": [[0.9996710419654846, -0.01874108985066414, -0.01751031167805195, -0.6323797702789307], [0.01727779395878315, 0.9966228008270264, -0.08027768135070801, 0.01995081454515457], [0.018955666571855545, 0.07994873821735382, 0.9966187477111816, 0.01339337695389986], [0.0, 0.0, 0.0, 1.0]], "received_timestamp_ns": 1740627652575172864}
{"timestamp_ns": 1740627652573309184, "pose": [[0.9996500015258789, -0.022588837891817093, -0.013769388198852539, -0.6653867363929749], [0.021387845277786255, 0.9964126348495483, -0.08188042044639587, 0.019870441406965256], [0.015569576062262058, 0.0815572664141655, 0.9965470433235168, 0.01013293769210577], [0.0, 0.0, 0.0, 1.0]], "received_timestamp_ns": 1740627652638979840}
{"timestamp_ns": 1740627652635642112, "pose": [[0.9992327690124512, -0.037961624562740326, -0.009630922228097916, -0.7124812006950378], [0.036984797567129135, 0.9955397248268127, -0.08679153770208359, 0.0185308288782835], [0.012882713228464127, 0.08636874705553055, 0.9961799383163452, 0.009402705356478691], [0.0, 0.0, 0.0, 1.0]], "received_timestamp_ns": 1740627652703270656}
{"timestamp_ns": 1740627652680298240, "pose": [[0.9989947080612183, -0.04473216086626053, -0.0029380647465586662, -0.7439626455307007], [0.044317860156297684, 0.9953553676605225, -0.08546087890863419, 0.016676636412739754], [0.0067472681403160095, 0.08524475991725922, 0.9963371753692627, 0.007751129101961851], [0.0, 0.0, 0.0, 1.0]], "received_timestamp_ns": 1740627652749845504}
{"timestamp_ns": 1740627652736490496, "pose": [[0.998452365398407, -0.055213529616594315, 0.0066544171422719955, -0.7883968949317932], [0.055611710995435715, 0.9920953512191772, -0.1124906912446022, 0.01171689759939909], [-0.0003908084472641349, 0.11268666386604309, 0.9936304688453674, 0.006998754106462002], [0.0, 0.0, 0.0, 1.0]], "received_timestamp_ns": 1740627652803368448}
{"timestamp_ns": 1740627652766850560, "pose": [[0.9985302686691284, -0.05255362391471863, 0.013245776295661926, -0.8136705160140991], [0.053750891238451004, 0.9915758967399597, -0.11784771829843521, 0.012927819043397903], [-0.006940868217498064, 0.11838648468255997, 0.9929433465003967, -0.002175299683585763], [0.0, 0.0, 0.0, 1.0]], "received_timestamp_ns": 1740627652832265728}
{"timestamp_ns": 1740627652807660288, "pose": [[0.9994810223579407, -0.024458197876811028, 0.020963529124855995, -0.8506722450256348], [0.02636614814400673, 0.9950150847434998, -0.09617611765861511, 0.00886699091643095], [-0.01850673370063305, 0.09667893499135971, 0.9951435327529907, -0.013895281590521336], [0.0, 0.0, 0.0, 1.0]], "received_timestamp_ns": 1740627652873933312}
{"timestamp_ns": 1740627652876677120, "pose": [[0.9993810057640076, -0.01248982921242714, 0.03288869187235832, -0.8827372193336487], [0.015713509172201157, 0.9948974847793579, -0.09965986013412476, 0.023544548079371452], [-0.03147614374756813, 0.10011496394872665, 0.9944778680801392, -0.020411700010299683], [0.0, 0.0, 0.0, 1.0]], "received_timestamp_ns": 1740627652957671168}
{"timestamp_ns": 1740627652946942720, "pose": [[0.9989427328109741, -0.012103075161576271, 0.04435022920370102, -0.9243031740188599], [0.015709178522229195, 0.9965179562568665, -0.0818854570388794, 0.028229599818587303], [-0.04320473223924637, 0.08249558508396149, 0.9956544637680054, -0.02497050352394581], [0.0, 0.0, 0.0, 1.0]], "received_timestamp_ns": 1740627653015133952}
{"timestamp_ns": 1740627652998598912, "pose": [[0.9988066554069519, -0.01265978254377842, 0.047169435769319534, -0.9065916538238525], [0.016132023185491562, 0.9971296787261963, -0.07397432625293732, 0.02564897947013378], [-0.046097543090581894, 0.07464698702096939, 0.9961439967155457, -0.057718805968761444], [0.0, 0.0, 0.0, 1.0]], "received_timestamp_ns": 1740627653065945600}
{"timestamp_ns": 1740627653037077248, "pose": [[0.9986454248428345, -0.010086704045534134, 0.051045022904872894, -0.9281863570213318], [0.013777747750282288, 0.9972745180130005, -0.07248252630233765, 0.02567378804087639], [-0.05017479136586189, 0.07308763265609741, 0.9960625767707825, -0.0649237260222435], [0.0, 0.0, 0.0, 1.0]], "received_timestamp_ns": 1740627653104418816}
{"timestamp_ns": 1740627653070361088, "pose": [[0.9983633756637573, -0.012426648288965225, 0.05582200735807419, -0.9497864842414856], [0.016373703256249428, 0.9973549246788025, -0.07081665843725204, 0.03411262854933739], [-0.05479434132575989, 0.07161477208137512, 0.9959261417388916, -0.06672339886426926], [0.0, 0.0, 0.0, 1.0]], "received_timestamp_ns": 1740627653137182208}
{"timestamp_ns": 1740627653146617856, "pose": [[0.9977352619171143, -0.024316759780049324, 0.06271372735500336, -0.9930240511894226], [0.02845408394932747, 0.9974174499511719, -0.06594542413949966, 0.043119315057992935], [-0.06094818562269211, 0.06758053600788116, 0.9958505034446716, -0.07332473248243332], [0.0, 0.0, 0.0, 1.0]], "received_timestamp_ns": 1740627653232429056}
{"timestamp_ns": 1740627653199054592, "pose": [[0.9978085160255432, -0.02671697549521923, 0.0605335608124733, -1.0335288047790527], [0.030059093609452248, 0.9980342984199524, -0.05499032884836197, 0.05209065601229668], [-0.05894539877772331, 0.05668940395116806, 0.9966502785682678, -0.07270073145627975], [0.0, 0.0, 0.0, 1.0]], "received_timestamp_ns": 1740627653266727936}
{"timestamp_ns": 1740627653246629888, "pose": [[0.9980852603912354, -0.025050494819879532, 0.056553177535533905, -1.0569500923156738], [0.027893338352441788, 0.9983570575714111, -0.05005185306072235, 0.049122489988803864], [-0.05520643666386604, 0.051533471792936325, 0.9971442222595215, -0.07705187797546387], [0.0, 0.0, 0.0, 1.0]], "received_timestamp_ns": 1740627653335300352}
{"timestamp_ns": 1740627653295103488, "pose": [[0.9984463453292847, -0.017738020047545433, 0.052822891622781754, -1.0970442295074463], [0.020455701276659966, 0.998470664024353, -0.051360856741666794, 0.05833568796515465], [-0.051831066608428955, 0.052361588925123215, 0.9972822070121765, -0.07560496777296066], [0.0, 0.0, 0.0, 1.0]], "received_timestamp_ns": 1740627653363203840}
{"timestamp_ns": 1740627653337708288, "pose": [[0.9986060857772827, -0.017110679298639297, 0.0499315969645977, -1.1118509769439697], [0.019676197320222855, 0.9984868764877319, -0.05134986340999603, 0.0586097352206707], [-0.04897741228342056, 0.05226074904203415, 0.9974316954612732, -0.07648944854736328], [0.0, 0.0, 0.0, 1.0]], "received_timestamp_ns": 1740627653406713600}
{"timestamp_ns": 1740627653369481728, "pose": [[0.9985923767089844, -0.01820683293044567, 0.04981730878353119, -1.1261322498321533], [0.02094150334596634, 0.9982703328132629, -0.054934389889240265, 0.06150122359395027], [-0.048730961978435516, 0.05590031296014786, 0.9972464442253113, -0.07750427722930908], [0.0, 0.0, 0.0, 1.0]], "received_timestamp_ns": 1740627653443881472}
{"timestamp_ns": 1740627653399791616, "pose": [[0.9985207319259644, -0.021502705290913582, 0.04994013160467148, -1.1394617557525635], [0.02443750947713852, 0.9979636073112488, -0.05891938880085945, 0.058914683759212494], [-0.04857150837779045, 0.06005264073610306, 0.9970127940177917, -0.07684261351823807], [0.0, 0.0, 0.0, 1.0]], "received_timestamp_ns": 1740627653476114688}
{"timestamp_ns": 1740627653434039296, "pose": [[0.9983603358268738, -0.026800403371453285, 0.050579946488142014, -1.1553785800933838], [0.030035972595214844, 0.9974763989448547, -0.06433293223381042, 0.06957564502954483], [-0.048728153109550476, 0.06574666500091553, 0.9966458678245544, -0.07770325243473053], [0.0, 0.0, 0.0, 1.0]], "received_timestamp_ns": 1740627653500723712}
{"timestamp_ns": 1740627653505751552, "pose": [[0.9984009265899658, -0.03161949664354324, 0.04685923457145691, -1.1765202283859253], [0.03406370431184769, 0.9980495572090149, -0.05231430009007454, 0.08018258213996887], [-0.045113686472177505, 0.053826842457056046, 0.9975306391716003, -0.0813896656036377], [0.0, 0.0, 0.0, 1.0]], "received_timestamp_ns": 1740627653579100416}
{"timestamp_ns": 1740627653541990144, "pose": [[0.998141348361969, -0.03229271620512009, 0.05168243497610092, -1.2107715606689453], [0.03455263748764992, 0.9984580278396606, -0.04344787821173668, 0.08821068704128265], [-0.05019969120621681, 0.04515288770198822, 0.9977179765701294, -0.07998242974281311], [0.0, 0.0, 0.0, 1.0]], "received_timestamp_ns": 1740627653612583680}
{"timestamp_ns": 1740627653572693248, "pose": [[0.9982908368110657, -0.03198138251900673, 0.048914749175310135, -1.2259578704833984], [0.0338403694331646, 0.9987174272537231, -0.03766079992055893, 0.08552463352680206], [-0.047647569328546524, 0.039251722395420074, 0.9980927109718323, -0.07786910235881805], [0.0, 0.0, 0.0, 1.0]], "received_timestamp_ns": 1740627653644828416}
{"timestamp_ns": 1740627653605324800, "pose": [[0.9985268712043762, -0.03164175525307655, 0.0440777949988842, -1.2402451038360596], [0.03342221677303314, 0.9986301064491272, -0.04025997966527939, 0.08564919978380203], [-0.042743515223264694, 0.041673846542835236, 0.9982165694236755, -0.07604663819074631], [0.0, 0.0, 0.0, 1.0]], "received_timestamp_ns": 1740627653675115776}
{"timestamp_ns": 1740627653631136000, "pose": [[0.9987618327140808, -0.029432659968733788, 0.04010625556111336, -1.2478224039077759], [0.031190944835543633, 0.9985469579696655, -0.04394403472542763, 0.08465012162923813], [-0.03875459358096123, 0.045140575617551804, 0.9982286095619202, -0.07934632897377014], [0.0, 0.0, 0.0, 1.0]], "received_timestamp_ns": 1740627653701944064}
{"timestamp_ns": 1740627653705416192, "pose": [[0.9989162683486938, -0.027416272088885307, 0.03761166334152222, -1.2754204273223877], [0.029482420533895493, 0.9980218410491943, -0.05552615597844124, 0.08914663642644882], [-0.036014944314956665, 0.05657486617565155, 0.9977485537528992, -0.08066952973604202], [0.0, 0.0, 0.0, 1.0]], "received_timestamp_ns": 1740627653772221696}
{"timestamp_ns": 1740627653772422144, "pose": [[0.9989463686943054, -0.03408183157444, 0.030734224244952202, -1.2920502424240112], [0.03575122728943825, 0.9978177547454834, -0.05551143363118172, 0.09948959201574326], [-0.028775224462151527, 0.0565517321228981, 0.9979848861694336, -0.08978607505559921], [0.0, 0.0, 0.0, 1.0]], "received_timestamp_ns": 1740627653839872256}
{"timestamp_ns": 1740627653805310464, "pose": [[0.9987940788269043, -0.04064922407269478, 0.027531534433364868, -1.2787572145462036], [0.04204926639795303, 0.997743546962738, -0.05234212428331375, 0.10593215376138687], [-0.025341743603348732, 0.05343668535351753, 0.9982496500015259, -0.08339273929595947], [0.0, 0.0, 0.0, 1.0]], "received_timestamp_ns": 1740627653872556032}
{"timestamp_ns": 1740627653841528832, "pose": [[0.9987274408340454, -0.04467207193374634, 0.02340833470225334, -1.2876638174057007], [0.04575161635875702, 0.9978079199790955, -0.04781400039792061, 0.10634570568799973], [-0.021221071481704712, 0.04882412403821945, 0.9985819458961487, -0.08929041028022766], [0.0, 0.0, 0.0, 1.0]], "received_timestamp_ns": 1740627653908572160}
{"timestamp_ns": 1740627654012895232, "pose": [[0.9988723993301392, -0.044604770839214325, 0.016259530559182167, -1.3135732412338257], [0.04523544758558273, 0.998145341873169, -0.04073898494243622, 0.11520732194185257], [-0.014412221498787403, 0.04142855480313301, 0.999037504196167, -0.0957481786608696], [0.0, 0.0, 0.0, 1.0]], "received_timestamp_ns": 1740627654120008448}
{"timestamp_ns": 1740627654064810752, "pose": [[0.9992807507514954, -0.03753924369812012, 0.005366338416934013, -1.3426064252853394], [0.03770948573946953, 0.9986312389373779, -0.03624459728598595, 0.12008658051490784], [-0.003998398315161467, 0.03642088919878006, 0.9993285536766052, -0.09537947177886963], [0.0, 0.0, 0.0, 1.0]], "received_timestamp_ns": 1740627654155354368}
{"timestamp_ns": 1740627654096788992, "pose": [[0.9991700649261475, -0.04071475565433502, -0.0012120208702981472, -0.3802996873855591], [0.040627192705869675, 0.9982796907424927, -0.04227463901042938, 0.04244958609342575], [0.002931137103587389, 0.0421903133392334, 0.9991052746772766, -0.006877448409795761], [0.0, 0.0, 0.0, 1.0]], "received_timestamp_ns": 1740627654172197120}
