cam0:
  T_cam_imu:
  - [-0.00496939834087981, 0.9999876390725699, 0.00016365268860857318, 0.06352855395227212]
  - [0.03103124118202999, 0.00031778439422838756, -0.9995183645555425, 0.040150970210148004]
  - [-0.9995060615878413, -0.004961926556450891, -0.031032436804351027, -0.2164355285614729]
  - [0.0, 0.0, 0.0, 1.0]
  cam_overlaps: []
  camera_model: pinhole
  distortion_coeffs: [0.09042915919597855, -0.17615862547703662, -0.0011429319282755383, 0.002764615503021377]
  distortion_model: radtan
  intrinsics: [927.3060574361, 927.2113306474747, 647.1368473568529, 354.372336106029]
  resolution: [1280, 720]
  rostopic: /cam0/image_raw
  timeshift_cam_imu: -0.1568528744146281
