cam0:
  T_cam_imu:
  - [-0.0016395697701147849, 0.999567254124251, -0.029370330156027413, 0.06449823219037797]
  - [0.02238756679621845, -0.029326318237478083, -0.9993191501775491, 0.04466311032112529]
  - [-0.9997480225856482, -0.0022959836975229297, -0.022329796124168383, -0.16631946037232487]
  - [0.0, 0.0, 0.0, 1.0]
  cam_overlaps: []
  camera_model: pinhole
  distortion_coeffs: [0.09042915919597855, -0.17615862547703662, -0.0011429319282755383, 0.002764615503021377]
  distortion_model: radtan
  intrinsics: [927.3060574361, 927.2113306474747, 647.1368473568529, 354.372336106029]
  resolution: [1280, 720]
  rostopic: /cam0/image_raw
  timeshift_cam_imu: -0.16083584571565138
